useSkybox:True
flipRotate:1
scale:1 1 1
speed:0.4
sensitivity:0.75
cameraPosition:11.9986768548998 -17.4 7.73269831113826
cameraRotation:-2.47499999999996 135.75
