useSkybox:True
flipRotate:-1
scale:1 1 1
speed:0.2
sensitivity:0.75
cameraPosition:-9.91377673747703 -1.7 -2.72695858927661
cameraRotation:-62.1000000000001 -277.875
