useSkybox:True
flipRotate:1
scale:1 1 1
speed:0.4
sensitivity:0.75
cameraPosition:-199.754180405494 -17.3 177.024418740061
cameraRotation:-12.15 129
entityInterval:10000
