useSkybox:True
flipRotate:1
scale:1 1 1
speed:0.4
sensitivity:0.75
cameraPosition:-20.6737603825167 -3.3 -8.58214990504559
cameraRotation:-0.900000000000055 -79.5
